%YAML:1.0
MatrixLeft: !!opencv-matrix
   rows: 3
   cols: 3
   dt: d
   data: [ 7.0261348202554041e+02, 0., 6.7340273192509937e+02, 0.,
       7.0100239703445811e+02, 3.5532733698553233e+02, 0., 0., 1. ]
DistCoeffsLeft: !!opencv-matrix
   rows: 5
   cols: 1
   dt: d
   data: [ -1.6598618402236442e-01, 1.8101648934073473e-02,
       -8.6137340814580103e-04, 2.1270930118799125e-03,
       4.3587650453307770e-03 ]
MatrixRight: !!opencv-matrix
   rows: 3
   cols: 3
   dt: d
   data: [ 7.0496441457630954e+02, 0., 6.9479420410997602e+02, 0.,
       6.9984652814670164e+02, 3.6820082349645418e+02, 0., 0., 1. ]
DistCoeffsRight: !!opencv-matrix
   rows: 5
   cols: 1
   dt: d
   data: [ -1.8755940886219835e-01, 4.8218846838831840e-02,
       4.1411392835120220e-04, 2.3167880864884611e-03,
       -7.5100978225866345e-03 ]
Rotation: !!opencv-matrix
   rows: 3
   cols: 3
   dt: d
   data: [ 9.9999767634850811e-01, 1.6459791780514322e-03,
       -1.3921386891260930e-03, -1.6524659316827319e-03,
       9.9998772400565006e-01, -4.6713161255036535e-03,
       1.3844327101627241e-03, 4.6736057327489309e-03,
       9.9998812030719930e-01 ]
Translation: !!opencv-matrix
   rows: 3
   cols: 1
   dt: d
   data: [ -1.2057708276042577e-01, 3.9898908797670495e-04,
       -4.2841425029712917e-03 ]
Essential: !!opencv-matrix
   rows: 3
   cols: 3
   dt: d
   data: [ -6.5270259882411030e-06, 4.2859546285510036e-03,
       3.7897176415082359e-04, -4.1172016906476424e-03,
       5.5647813587157225e-04, 1.2058161446225188e-01,
       -1.9973863946182258e-04, -1.2057625928457015e-01,
       5.6380911921087692e-04 ]
Fundamental: !!opencv-matrix
   rows: 3
   cols: 3
   dt: d
   data: [ 7.6052390524219867e-09, -5.0054378450472682e-06,
       1.4631910317702591e-03, 4.8324130977685961e-06,
       -6.5464671322523749e-07, -1.0246117262388117e-01,
       -1.6205134526766250e-03, 1.0299004400495894e-01, 1. ]
RectificationLeft: !!opencv-matrix
   rows: 3
   cols: 3
   dt: d
   data: [ 9.9941623119768597e-01, -1.4959693697690676e-03,
       3.4131494169726384e-02, 1.5752424189282568e-03,
       9.9999612393682225e-01, -2.2958054476332973e-03,
       -3.4127927419270017e-02, 2.3482306054743397e-03,
       9.9941471391164172e-01 ]
RectificationRight: !!opencv-matrix
   rows: 3
   cols: 3
   dt: d
   data: [ 9.9936393079468455e-01, -3.3068912779788233e-03,
       3.5507721648571182e-02, 3.2244076363267325e-03,
       9.9999196938863200e-01, 2.3799902605031705e-03,
       -3.5515306868892184e-02, -2.2639850531572998e-03,
       9.9936656805683055e-01 ]
ProjectionLeft: !!opencv-matrix
   rows: 3
   cols: 4
   dt: d
   data: [ 5.5534051262597018e+02, 0., 6.6922047424316406e+02, 0., 0.,
       5.5534051262597018e+02, 3.6226717376708984e+02, 0., 0., 0., 1.,
       0. ]
ProjectionRight: !!opencv-matrix
   rows: 3
   cols: 4
   dt: d
   data: [ 5.5534051262597018e+02, 0., 6.6922047424316406e+02,
       -6.7003958105504026e+01, 0., 5.5534051262597018e+02,
       3.6226717376708984e+02, 0., 0., 0., 1., 0. ]
DisparityToDepth: !!opencv-matrix
   rows: 4
   cols: 4
   dt: d
   data: [ 1., 0., 0., -6.6922047424316406e+02, 0., 1., 0.,
       -3.6226717376708984e+02, 0., 0., 0., 5.5534051262597018e+02, 0.,
       0., 8.2881747336707239e+00, 0. ]
